"Chromosome"	"Start"	"End"	"Nclone"	"Array.129"	"Array.34"	"Array.67"	"Array.24"	"Array.22"	"Array.36"	"Array.49"	"Array.16"	"Array.146"	"Array.143"	"Array.65"	"Array.62"	"Array.4"	"Array.76"	"Array.118"	"Array.154"	"Array.48"	"Array.6"	"Array.39"	"Array.86"	"Array.112"	"Array.79"	"Array.124"	"Array.19"	"Array.27"	"Array.106"	"Array.110"	"Array.69"	"Array.73"	"Array.95"	"Array.98"	"Array.17"	"Array.33"	"Array.138"	"Array.149"	"Array.101"	"Array.90"	"Array.99"	"Array.57"	"Array.105"	"Array.85"	"Array.114"	"Array.56"	"Array.5"	"Array.8"	"Array.113"	"Array.148"	"Array.42"	"Array.25"	"Array.102"	"Array.55"	"Array.141"	"Array.43"	"Array.159"	"Array.52"	"Array.88"	"Array.125"	"Array.152"	"Array.50"	"Array.23"	"Array.68"	"Array.94"	"Array.153"	"Array.51"	"Array.142"	"Array.144"	"Array.37"	"Array.78"	"Array.18"	"Array.82"	"Array.75"	"Array.139"	"Array.2"	"Array.117"	"Array.60"	"Array.38"	"Array.72"	"Array.104"	"Array.137"	"Array.145"	"Array.31"	"Array.135"	"Array.111"	"Array.7"	"Array.21"	"Array.53"	"Array.59"	"Array.71"	"Array.47"	"Array.107"	"Array.64"	"Array.89"	"Array.30"	"Array.35"	"Array.93"	"Array.10"	"Array.123"	"Array.100"	"Array.134"	"Array.130"
2	47541529	48962866	132	1	0	0	0	0	0	0	0	0	1	-1	1	1	0	0	0	0	0	0	0	0	0	1	0	0	0	0	0	0	0	0	0	1	0	-1	1	0	0	0	0	0	0	-1	0	0	1	0	0	1	0	1	0	0	0	0	1	0	0	1	0	0	0	1	1	0	-1	0	0	0	1	0	0	0	0	0	0	0	0	0	1	1	1	1	0	1	0	-1	1	0	0	0	0	0	0	1	0	0	0	0	0
2	50329312	56794730	510	1	0	0	-1	0	0	0	0	0	1	-1	1	0	0	0	1	0	0	0	0	1	0	1	0	0	0	0	0	0	0	0	0	1	0	-1	1	0	0	0	0	0	0	-1	0	0	0	0	0	1	0	1	0	0	0	0	1	0	0	1	0	0	0	1	1	0	-1	0	0	0	1	0	0	0	0	0	0	0	0	0	1	1	1	1	0	1	0	-1	1	0	0	0	0	0	0	1	0	0	0	0	0
2	56853626	57106587	9	1	0	0	-1	0	0	0	0	0	1	-1	1	0	0	0	1	0	0	0	0	1	0	1	0	0	0	0	0	0	0	0	0	1	0	-1	1	0	0	0	0	0	0	-1	0	0	-1	0	0	1	0	1	0	0	0	0	1	0	0	1	0	0	0	1	1	0	-1	0	0	0	1	0	0	0	0	0	0	0	0	0	1	1	1	1	0	1	0	-1	1	0	0	0	0	1	0	1	0	0	0	0	0
2	57141220	60843704	199	1	0	0	-1	0	0	0	0	0	1	-1	1	0	0	0	1	0	0	0	0	1	0	1	0	0	0	0	0	0	0	0	0	1	0	-1	1	0	0	0	0	0	0	-1	0	0	0	0	0	1	0	1	0	0	0	0	1	0	0	1	0	0	0	1	1	0	-1	0	0	0	1	0	0	-1	0	0	0	0	0	0	1	1	1	1	0	1	0	-1	1	0	0	0	0	1	0	1	0	0	0	0	0
2	60860846	61005290	14	1	0	0	-1	0	0	0	0	0	1	-1	1	0	0	0	1	0	0	0	0	1	0	1	0	0	0	0	0	0	0	0	0	1	0	-1	1	0	0	0	0	0	0	-1	0	0	1	0	0	1	0	1	0	0	0	0	1	0	0	0	0	0	0	0	1	0	-1	0	0	0	1	0	0	-1	0	0	0	0	0	0	1	1	1	1	0	1	0	-1	1	0	0	0	0	1	0	1	0	0	0	0	0
2	61025070	61061211	5	1	0	0	-1	0	0	0	0	0	-1	-1	1	0	0	0	1	0	0	0	0	1	0	1	0	0	0	0	0	0	-1	0	0	1	-1	-1	1	0	0	0	0	0	0	-1	0	0	1	0	0	1	0	1	-1	0	0	0	1	0	0	0	0	0	-1	0	1	0	-1	0	0	0	1	0	0	-1	0	0	0	0	0	0	1	1	1	1	0	1	0	-1	1	0	0	0	0	1	0	1	0	0	0	0	0
2	61069435	67262586	542	1	0	0	-1	0	0	0	0	0	1	-1	1	0	0	0	1	0	0	0	0	1	0	1	0	0	0	0	0	0	0	0	0	1	0	-1	1	0	0	0	0	0	0	-1	0	0	0	0	0	1	0	1	0	0	0	0	1	0	0	1	0	0	0	0	1	0	-1	0	0	0	1	0	0	-1	0	0	0	0	0	0	1	1	1	1	0	1	0	-1	1	0	0	0	0	1	0	1	0	0	0	0	0
2	67280403	69113514	151	0	0	0	-1	0	0	0	0	0	1	-1	1	0	0	0	1	0	0	0	0	1	0	1	0	0	0	0	0	0	0	0	0	1	0	-1	1	0	0	0	0	0	0	-1	0	0	-1	0	0	1	0	1	0	0	0	0	1	0	0	1	0	0	0	0	1	0	-1	0	0	0	1	0	0	-1	0	0	0	0	0	0	1	1	1	1	0	1	0	-1	1	0	0	0	0	1	0	1	0	0	0	0	0
2	69119613	73764874	471	0	0	0	0	0	0	0	0	0	1	-1	1	0	0	0	1	0	0	0	0	0	0	1	0	0	0	0	0	0	0	0	0	1	0	-1	1	0	0	0	0	0	0	-1	0	0	-1	0	0	1	0	1	0	0	0	0	1	0	0	1	0	0	-1	0	1	0	-1	0	0	0	1	0	0	-1	0	0	0	0	0	0	1	1	1	1	0	1	0	-1	1	0	0	0	0	1	0	1	0	0	0	0	0
2	73769146	74670974	128	0	0	0	0	0	0	0	0	0	1	-1	1	0	0	0	2	0	0	0	0	0	0	1	0	-1	0	0	0	0	0	0	0	1	0	0	1	0	0	0	0	0	0	-1	0	0	-1	0	0	0	0	1	0	0	0	0	1	0	0	1	0	0	-1	0	1	0	-1	0	0	0	1	0	0	-1	0	0	0	0	0	0	1	1	1	1	0	1	0	-1	1	0	0	0	0	1	0	1	0	0	0	0	0
2	87287735	87839798	10	0	0	0	0	0	-1	0	0	0	1	-1	1	0	0	0	1	0	-1	0	0	0	0	1	0	0	0	1	0	0	0	0	0	1	0	0	1	0	0	1	0	0	0	-1	0	0	0	0	0	0	0	1	0	0	0	0	1	0	0	1	0	0	-1	0	1	0	0	0	0	0	1	0	0	0	0	0	0	0	0	0	1	1	0	1	0	1	0	-1	1	0	0	0	0	1	0	1	0	0	0	0	0
5	60285997	62401952	135	-1	0	0	-1	0	0	-1	-1	0	-1	1	0	-1	-1	0	1	0	0	0	0	-1	1	0	-1	0	1	0	-1	0	1	1	-1	0	-1	-1	1	0	0	0	0	-1	0	0	-1	0	0	-1	0	-1	0	-1	0	0	-1	0	-1	0	-1	-1	-1	0	0	-1	0	1	0	0	-1	-1	0	-1	0	-1	0	0	-1	0	0	0	-1	0	0	0	-1	0	0	0	-1	-1	-1	-1	0	0	0	0	0	0	0	0	-1
5	62457701	65999278	299	-1	0	0	-1	0	0	-1	-1	0	-1	1	0	-1	-1	0	1	0	0	0	0	-1	1	0	-1	0	1	0	-1	0	1	1	-1	0	-1	-1	1	0	0	0	0	-1	0	0	-1	0	0	0	0	-1	0	-1	0	0	-1	0	-1	0	-1	-1	-1	0	0	-1	0	1	0	0	-1	-1	0	-1	0	-1	0	0	-1	0	0	0	-1	0	0	0	1	0	0	0	-1	-1	-1	-1	0	0	0	0	0	0	0	0	-1
5	66011537	68773114	198	-1	0	0	-1	0	0	-1	-1	0	-1	1	0	-1	-1	0	1	0	0	0	0	-1	1	0	-1	0	1	0	-1	0	1	1	-1	0	-1	-1	1	0	0	0	0	-1	0	0	-1	0	0	0	0	-1	0	-1	0	0	-1	0	-1	0	-1	-1	-1	0	0	-1	0	1	0	0	-1	-1	0	-1	0	-1	0	0	-1	0	0	0	-1	0	0	0	0	0	0	0	-1	-1	-1	-1	0	0	0	0	0	0	0	0	-1
5	68785515	68850823	9	-1	0	0	-1	0	0	-1	-1	0	-1	0	1	-1	-1	0	0	0	0	0	0	-1	0	0	-1	0	1	0	-1	-1	1	1	-1	0	-1	-1	1	0	0	0	0	-1	0	0	-1	0	0	0	0	-1	0	-1	0	0	-1	0	-1	0	-1	-1	-1	0	0	-1	0	1	0	0	-1	-1	0	-1	0	-1	0	0	-1	0	0	0	-1	0	0	0	0	-1	0	0	-1	-1	-1	-1	0	0	0	0	0	0	0	0	-1
5	69274433	70345552	5	-1	0	0	-1	0	0	-1	-1	-1	-1	0	1	-1	-1	0	0	0	0	0	0	-1	0	1	-1	0	0	-1	-1	-1	1	1	-1	0	-1	-1	1	0	0	0	0	-1	0	0	0	0	0	0	0	0	0	-1	0	0	-1	0	-1	0	-1	0	-1	-1	0	-1	0	1	0	0	-1	-1	0	-1	0	0	0	0	-1	0	0	0	-1	0	0	0	0	1	-1	0	-1	-1	-1	0	0	0	0	-1	0	0	-1	0	-1
5	70422297	70698794	4	-1	0	0	-1	0	0	-1	-1	0	-1	0	1	-1	-1	0	0	0	0	0	0	-1	0	1	-1	0	0	0	-1	-1	1	1	-1	0	-1	-1	1	0	0	0	0	-1	0	0	0	0	0	0	0	0	0	-1	0	0	-1	0	-1	0	-1	0	-1	-1	0	-1	0	1	0	0	-1	-1	0	-1	0	0	0	0	-1	0	0	1	-1	0	0	0	0	0	-1	0	-1	-1	-1	0	0	0	0	-1	0	0	-1	0	-1
5	70716278	70721505	2	-1	0	0	-1	0	0	-1	-1	0	-1	1	1	-1	-1	0	0	0	0	0	0	-1	1	1	-1	0	0	0	-1	-1	1	1	-1	0	-1	-1	1	0	0	0	0	-1	0	0	-1	0	0	0	0	-1	0	-1	0	0	-1	0	-1	0	-1	0	-1	0	0	-1	0	1	0	0	-1	-1	0	-1	0	0	0	0	-1	0	0	0	-1	0	0	0	0	0	0	0	-1	-1	-1	0	0	0	0	-1	0	0	0	0	-1
5	70752359	71062539	40	-1	0	0	-1	0	0	-1	-1	0	-1	1	1	-1	-1	0	0	0	0	0	0	-1	1	0	-1	0	1	0	-1	-1	1	1	-1	0	-1	-1	1	0	0	0	0	-1	0	0	-1	0	0	0	0	-1	0	-1	0	0	-1	0	-1	0	-1	0	-1	0	0	-1	0	1	0	0	-1	-1	0	-1	0	0	0	0	-1	0	0	0	-1	0	0	0	0	0	0	0	-1	0	-1	-1	0	0	0	0	0	0	0	0	-1
5	71077546	89933522	1459	-1	0	0	-1	0	0	-1	-1	0	-1	1	1	-1	-1	0	0	0	0	0	0	-1	1	0	-1	0	-1	0	-1	0	1	1	-1	0	-1	-1	1	0	0	0	0	-1	0	0	-1	0	0	0	0	-1	0	-1	0	0	-1	0	-1	0	-1	0	-1	0	0	-1	0	1	0	0	-1	-1	0	-1	0	-1	0	0	-1	0	0	0	-1	0	0	0	0	0	0	0	-1	-1	-1	-1	0	0	0	0	0	0	0	0	-1
5	89942176	93303306	213	0	-1	0	-1	0	0	-1	-1	0	-1	1	0	-1	0	0	0	0	0	0	0	-1	1	0	-1	0	-1	0	-1	-1	1	1	-1	0	-1	-1	1	0	0	0	0	-1	0	0	-1	0	0	0	0	-1	0	-1	0	0	-1	0	-1	0	-1	0	-1	0	0	-1	0	1	0	0	-1	-1	0	-1	0	-1	0	0	-1	0	0	0	-1	0	0	0	-1	0	0	0	-1	-1	-1	-1	0	0	0	0	0	0	0	0	-1
5	93308740	93320336	2	0	-1	0	1	0	0	-1	-1	0	-1	1	0	-1	0	0	0	0	0	0	0	-1	1	0	-1	0	-1	0	-1	-1	1	1	-1	0	-1	0	1	0	0	0	0	-1	0	0	-1	0	0	0	0	-1	0	-1	0	0	-1	0	-1	0	-1	0	-1	0	0	-1	0	1	0	0	-1	-1	0	-1	0	-1	0	0	-1	0	0	0	-1	0	0	0	0	0	0	0	-1	-1	-1	-1	0	0	0	0	0	0	0	0	-1
5	93328253	96508341	310	0	-1	0	0	0	0	-1	-1	0	-1	1	0	-1	0	0	0	0	0	0	0	-1	1	0	-1	0	-1	0	-1	-1	1	1	-1	0	-1	1	1	0	0	0	0	-1	0	0	-1	0	0	0	0	-1	0	-1	0	0	-1	0	-1	0	-1	0	-1	0	0	0	0	1	0	0	-1	-1	0	-1	0	-1	0	0	-1	0	0	0	-1	0	0	0	0	0	0	0	-1	-1	-1	-1	0	0	0	0	0	0	0	0	-1
5	119108165	125801997	366	0	-1	-1	0	0	0	-1	-1	0	-1	1	0	-1	-1	0	0	0	0	0	0	-1	1	0	-1	0	-1	0	-1	0	1	1	-1	0	-1	-1	1	0	0	0	0	-1	0	0	-1	0	0	0	0	-1	-1	-1	0	0	-1	0	-1	0	-1	0	-1	0	0	-1	0	1	0	0	-1	0	0	-1	0	1	0	0	-1	0	0	0	-1	0	0	0	-1	0	0	0	-1	-1	-1	-1	0	0	0	0	0	0	0	0	-1
5	125809649	131839536	505	0	-1	-1	0	0	0	-1	-1	0	-1	1	0	-1	-1	0	0	0	0	0	0	-1	1	0	-1	0	-1	0	-1	0	1	1	-1	0	-1	-1	1	0	0	0	0	-1	0	0	-1	0	0	0	0	-1	-1	-1	0	0	0	0	-1	0	-1	0	-1	0	0	-1	0	1	0	0	-1	0	0	-1	0	1	0	0	-1	0	0	0	-1	0	0	0	-1	0	0	0	-1	-1	-1	-1	0	0	0	0	0	0	0	0	-1
5	131845023	140196482	920	0	-1	-1	0	0	0	0	-1	0	-1	1	0	-1	-1	0	0	0	0	0	0	-1	1	0	-1	0	-1	0	-1	0	1	1	-1	0	0	-1	1	0	0	0	0	-1	0	0	-1	0	0	0	0	-1	-1	-1	0	0	0	0	-1	0	-1	0	-1	0	0	-1	0	1	0	0	-1	0	0	-1	0	1	0	0	-1	0	0	0	-1	0	0	0	-1	0	0	0	-1	-1	-1	-1	0	0	0	0	0	0	0	0	-1
5	140203440	140221835	5	-1	-1	-1	0	-1	0	0	-1	0	-1	1	0	-1	-1	0	0	0	0	0	0	-1	1	0	-1	0	-1	0	-1	0	1	1	-1	0	0	-1	1	0	0	0	0	0	0	0	-1	0	0	0	0	-1	-1	-1	0	0	0	0	-1	0	-1	0	-1	0	0	-1	0	1	0	0	1	0	0	-1	0	1	-1	0	-1	0	0	0	-1	0	0	0	-1	0	0	0	-1	-1	-1	-1	0	0	0	0	0	0	0	0	-1
5	140228321	140427074	29	0	-1	-1	0	0	0	0	-1	0	-1	1	0	-1	-1	0	0	0	0	0	0	-1	1	0	-1	0	-1	0	-1	0	1	1	-1	0	0	-1	1	0	0	0	0	0	0	0	-1	0	0	0	0	-1	-1	-1	0	0	0	0	-1	0	-1	0	-1	0	0	-1	0	1	0	0	0	0	0	-1	0	1	0	0	-1	0	0	0	-1	0	0	0	-1	0	0	0	-1	-1	-1	-1	0	0	0	0	0	0	0	0	-1
5	140433878	142819410	270	0	-1	-1	0	0	0	-1	-1	0	-1	1	0	-1	-1	0	0	1	0	0	0	-1	1	0	-1	0	-1	0	-1	0	1	1	-1	0	0	-1	1	0	0	0	0	0	0	0	-1	0	0	0	0	-1	-1	-1	0	0	-1	0	-1	0	-1	0	-1	0	0	-1	0	1	0	0	-1	0	0	-1	0	1	0	0	-1	0	0	0	-1	0	0	0	-1	0	0	0	-1	-1	-1	-1	0	0	0	0	0	0	0	0	-1
5	142831583	149027600	525	0	-1	-1	-1	0	0	-1	-1	0	-1	1	0	-1	-1	0	0	1	0	0	0	-1	1	0	-1	0	-1	0	-1	0	1	1	-1	0	0	-1	1	0	0	0	0	0	0	0	-1	0	0	0	0	-1	-1	-1	0	0	-1	0	-1	0	-1	0	-1	0	0	-1	0	1	0	0	0	0	0	-1	0	1	0	0	-1	0	0	0	-1	0	0	0	0	0	0	0	-1	-1	-1	-1	0	0	0	0	0	0	0	0	-1
5	149050787	150137980	144	0	-1	-1	-1	0	0	-1	-1	0	-1	1	0	-1	-1	0	0	1	0	0	0	-1	1	0	1	0	-1	0	-1	0	1	1	-1	0	0	-1	1	0	0	0	0	0	0	0	-1	0	0	0	0	-1	-1	-1	0	0	-1	0	-1	0	-1	0	-1	0	0	-1	0	1	0	0	1	0	0	-1	0	1	0	0	-1	0	0	0	-1	0	0	0	0	0	0	0	-1	-1	-1	-1	0	0	0	0	0	0	0	0	-1
5	150148732	150201145	5	0	-1	-1	-1	0	0	-1	-1	0	-1	1	0	-1	-1	0	0	1	0	0	0	-1	1	0	1	0	-1	0	-1	0	1	1	-1	0	0	-1	1	-1	-1	0	0	0	0	0	-1	0	0	0	0	-1	-1	-1	0	0	-1	0	-1	0	-1	0	-1	0	0	-1	0	1	0	0	1	0	0	-1	0	1	0	0	-1	0	0	0	-1	0	0	0	1	0	0	0	-1	-1	-1	-1	0	0	0	0	0	0	-1	0	-1
5	150224239	152555267	187	0	-1	-1	-1	0	0	-1	-1	0	-1	1	0	-1	-1	0	0	1	0	0	0	-1	1	1	1	0	-1	0	-1	0	1	1	-1	0	0	-1	1	0	0	0	0	0	0	0	-1	0	0	0	0	-1	-1	-1	0	0	-1	0	-1	0	-1	0	-1	0	0	-1	0	1	0	0	0	0	0	-1	0	1	0	0	-1	0	0	0	-1	0	0	0	1	0	0	0	-1	-1	-1	-1	0	0	0	0	0	0	0	0	-1
5	152572508	153979903	115	0	-1	-1	-1	0	0	-1	-1	0	-1	1	0	-1	-1	0	0	1	0	0	0	-1	1	1	1	0	1	0	-1	0	1	1	0	0	0	-1	1	0	0	0	0	0	0	0	-1	0	0	0	0	-1	-1	-1	0	0	-1	0	-1	0	-1	1	-1	0	0	-1	0	1	0	0	0	0	0	-1	0	1	0	0	-1	0	0	0	-1	0	0	0	1	0	0	0	-1	-1	-1	-1	0	0	0	0	0	0	0	0	-1
5	154006451	157875296	310	0	-1	-1	-1	0	0	-1	-1	0	-1	1	0	-1	0	0	0	1	0	0	0	-1	1	1	0	0	1	0	-1	0	1	1	0	0	0	-1	1	0	0	0	0	0	0	0	-1	0	0	0	0	-1	-1	-1	0	0	-1	0	-1	0	-1	1	-1	0	0	-1	0	1	0	0	0	0	0	-1	0	1	0	0	-1	0	0	0	-1	0	0	0	1	0	0	0	-1	-1	-1	-1	0	0	0	0	0	0	0	0	-1
5	157900279	159729154	155	0	-1	-1	-1	0	0	-1	-1	0	-1	1	0	-1	-1	0	1	1	0	0	0	-1	1	1	0	0	1	0	-1	0	1	1	0	0	0	-1	1	0	0	0	0	0	0	0	-1	0	0	0	0	-1	-1	-1	0	0	-1	0	-1	0	-1	1	-1	0	0	-1	0	1	0	0	1	0	0	-1	0	1	0	0	-1	0	0	0	-1	0	0	0	1	0	0	0	-1	-1	-1	-1	0	0	0	0	0	0	0	0	-1
5	159735059	161722215	163	0	-1	-1	-1	0	0	-1	-1	0	-1	1	0	-1	-1	0	0	1	0	0	0	-1	1	1	0	0	1	0	-1	0	1	1	0	0	0	-1	1	0	0	0	0	0	0	0	-1	0	0	0	0	-1	-1	-1	0	0	-1	0	-1	0	-1	1	-1	0	0	1	0	1	0	0	1	0	0	-1	0	1	0	0	-1	0	0	0	-1	0	1	0	1	0	0	0	-1	-1	-1	-1	0	0	0	0	0	-1	0	0	-1
6	19049822	20716660	98	0	0	0	0	1	0	1	0	0	0	0	1	0	0	1	1	0	1	0	0	0	0	0	0	0	1	0	-1	0	0	1	0	0	1	-1	1	0	0	1	0	0	0	0	1	0	-1	1	2	0	1	0	0	-1	1	0	1	0	0	1	0	0	0	1	1	1	1	0	0	0	0	0	0	-1	0	0	-1	0	0	0	0	1	1	1	0	1	-1	-1	0	0	1	1	0	1	0	1	0	1	0	1	0
6	20726739	22048197	107	0	0	0	0	1	0	1	0	0	0	0	1	0	0	1	1	0	1	0	0	0	0	0	0	0	1	0	-1	0	0	1	0	0	1	-1	1	0	0	1	0	0	0	0	1	0	-1	1	2	0	1	0	0	-1	1	0	1	0	0	1	0	0	0	1	1	1	1	0	0	0	0	0	0	-1	0	0	-1	0	0	0	0	1	1	1	0	1	-1	-1	0	0	1	1	0	1	0	1	0	1	0	1	0
6	22060377	24236375	102	0	0	0	0	1	0	1	0	0	0	0	1	-1	0	1	1	0	1	0	0	0	0	0	0	0	1	0	-1	1	0	1	0	0	1	-1	1	0	0	1	0	0	0	0	1	0	-1	1	2	0	1	0	0	-1	1	0	1	0	0	1	0	0	0	1	1	1	1	0	0	0	0	0	0	-1	0	0	-1	0	0	0	0	1	1	1	0	1	-1	-1	0	0	1	1	0	1	0	1	0	1	0	1	0
6	31564655	32119501	113	0	0	0	0	1	0	0	0	0	0	0	1	0	0	0	1	0	0	0	0	1	0	0	0	0	1	0	0	0	0	1	0	0	1	-1	1	0	0	1	0	0	0	0	1	0	-1	-1	0	0	1	-1	0	-1	0	0	0	0	0	1	0	0	0	1	1	1	0	0	0	0	0	0	0	-1	0	0	0	0	0	0	0	1	1	1	0	1	-1	-1	0	0	1	0	0	0	0	1	0	0	0	1	0
6	39777677	40701218	70	0	0	0	0	1	0	0	0	0	0	0	1	-1	0	0	1	0	0	0	0	1	0	-1	0	0	1	0	-1	0	0	1	0	0	1	-1	1	0	0	1	0	0	0	0	1	-1	-1	0	0	0	1	-1	0	-1	0	0	0	0	0	1	0	0	0	1	1	1	0	0	0	0	0	0	0	-1	0	0	0	0	0	0	0	1	1	1	0	1	-1	0	0	0	1	0	0	0	0	1	0	0	0	1	0
6	40747924	42826227	225	0	0	0	0	1	0	0	0	0	0	0	1	-1	0	0	1	0	0	0	0	1	0	-1	0	0	1	0	-1	0	0	1	0	0	1	-1	0	0	0	1	0	0	0	0	1	0	-1	0	0	0	1	-1	0	-1	0	0	0	0	0	1	0	0	0	1	1	1	0	0	0	0	0	0	0	-1	0	0	0	0	0	0	0	1	1	1	0	1	-1	0	2	0	1	0	0	0	0	1	0	0	0	1	0
6	80170446	80661257	33	0	-1	-1	-1	-1	0	0	0	0	0	-1	1	0	0	1	0	-1	-1	0	-1	0	0	0	0	0	0	0	-1	0	0	-1	-1	1	-1	-1	1	0	0	1	0	0	0	-1	-1	-1	-1	0	1	-1	-1	-1	0	-1	0	-1	-1	0	-1	1	-1	0	-1	0	1	0	0	0	0	-1	0	0	0	-1	-1	-1	0	-1	0	0	-1	1	1	1	-1	0	-1	-1	2	-1	0	1	0	1	0	1	-1	0	0	-1	0
6	85623360	89090699	226	0	-1	-1	-1	-1	0	0	0	0	0	-1	1	0	0	1	0	-1	-1	0	-1	0	-1	0	0	0	0	0	-1	0	0	-1	0	1	-1	-1	1	0	0	1	0	0	0	-1	-1	-1	-1	0	1	0	-1	-1	0	-1	0	-1	-1	0	-1	1	-1	0	-1	0	1	0	0	0	0	-1	0	0	0	-1	-1	-1	0	-1	0	0	0	1	1	1	-1	0	-1	-1	-1	-1	0	1	0	1	0	1	-1	0	0	-1	0
6	89106148	90015649	77	0	-1	-1	-1	-1	0	0	0	0	0	-1	1	0	0	1	0	-1	-1	0	-1	0	-1	0	0	0	0	0	-1	0	0	-1	0	1	-1	-1	1	0	0	1	0	0	0	-1	-1	-1	-1	0	1	0	-1	-1	0	-1	0	-1	1	0	-1	1	-1	0	-1	0	1	0	0	0	0	-1	0	0	0	-1	-1	-1	0	-1	0	0	0	1	1	1	-1	0	-1	-1	-1	0	0	1	0	1	0	1	-1	0	0	-1	0
6	90034143	91964331	149	0	-1	-1	-1	-1	0	0	0	0	0	-1	0	0	0	1	0	-1	-1	0	-1	0	-1	0	0	0	0	0	-1	0	0	-1	0	0	-1	-1	1	0	0	1	0	0	0	-1	-1	-1	-1	0	1	0	-1	-1	0	-1	0	-1	-1	0	-1	1	-1	0	-1	0	1	0	0	0	0	-1	0	0	0	-1	-1	-1	0	-1	0	0	0	1	1	1	-1	0	-1	-1	-1	0	0	1	0	1	0	1	-1	0	0	-1	0
6	127419048	128608361	120	1	-1	-1	-1	-1	0	0	0	0	0	-1	0	0	0	0	0	0	0	0	-1	-1	0	0	0	0	0	-1	-1	0	0	-1	1	0	-1	-1	1	0	0	1	0	-1	-1	-1	1	0	-1	0	1	0	1	0	0	-1	-1	-1	-1	0	1	1	-1	0	-1	-1	1	0	0	0	0	-1	0	0	0	-1	-1	-1	-1	0	0	0	0	1	1	0	-1	0	0	-1	0	0	0	1	0	1	0	1	-1	-1	0	-1	1
11	78137964	78627898	48	-1	0	0	0	0	-1	-1	0	0	1	-1	0	0	1	0	1	1	0	0	0	0	0	0	0	-1	0	0	0	0	0	0	0	0	0	-1	0	0	0	0	0	0	1	0	-1	-1	1	0	-1	0	0	1	0	0	1	-1	1	0	-1	0	0	0	1	0	1	0	0	0	-1	0	1	-1	0	0	0	-1	0	1	0	0	1	2	1	1	-1	1	0	-1	2	-1	0	0	0	0	0	0	-1	0	0	0	0
11	80023540	80218800	7	-1	0	0	0	0	-1	-1	0	0	1	-1	0	0	1	0	1	0	0	0	0	0	0	1	0	-1	0	0	0	0	0	-1	0	0	0	-1	0	0	0	0	0	0	1	0	-1	-1	1	0	-1	0	0	1	0	0	-1	-1	1	0	-1	0	0	0	1	0	1	0	0	0	-1	0	-1	-1	0	-1	0	-1	0	1	0	0	0	2	1	1	-1	1	0	-1	1	-1	0	0	0	0	0	0	-1	0	0	0	0
11	80263397	80790766	17	-1	0	0	0	0	-1	-1	0	0	1	-1	0	0	1	0	1	-1	0	0	0	0	0	-1	0	-1	0	0	0	0	0	-1	0	0	0	-1	0	0	0	0	0	0	-1	0	-1	-1	1	0	-1	0	0	1	0	0	-1	-1	1	0	-1	0	0	0	-1	0	1	0	0	0	-1	0	-1	-1	0	-1	0	-1	0	1	0	0	0	2	1	1	-1	1	0	-1	1	-1	0	0	0	0	0	0	-1	0	0	0	0
11	80814746	81363283	20	-1	0	0	0	0	-1	-1	0	0	1	-1	0	0	1	0	1	-1	0	0	0	0	0	1	0	-1	0	0	0	0	0	-1	0	0	0	-1	0	0	0	0	0	0	-1	0	-1	-1	1	0	-1	0	0	1	0	0	-1	-1	1	0	-1	0	0	0	-1	0	1	0	0	0	-1	0	0	-1	0	-1	0	-1	0	1	0	0	0	2	1	1	-1	1	0	-1	1	-1	0	0	0	0	0	0	-1	0	0	0	0
11	81383435	82269855	62	-1	0	0	1	0	-1	-1	0	0	1	-1	0	0	1	0	1	-1	-1	0	0	0	0	1	0	-1	0	0	0	0	0	-1	0	0	0	-1	0	0	0	0	0	0	-1	0	-1	-1	1	0	-1	0	0	1	0	0	-1	-1	1	0	-1	0	0	0	-1	0	1	0	0	0	-1	0	0	-1	0	-1	0	-1	0	1	0	0	0	2	1	1	-1	1	0	-1	2	-1	0	0	0	0	0	0	-1	0	0	0	0
11	82288127	82586347	31	-1	0	0	1	0	-1	-1	0	0	2	-1	0	0	1	0	1	-1	-1	0	0	0	0	-1	0	-1	0	0	0	0	0	-1	0	0	0	-1	0	0	0	0	0	0	-1	0	-1	-1	1	0	-1	0	0	1	0	0	-1	-1	1	0	-1	0	0	0	-1	0	1	0	0	0	-1	0	0	-1	0	-1	0	-1	0	0	0	0	-1	2	1	1	-1	1	0	-1	2	-1	0	0	0	0	0	0	-1	0	0	0	0
11	82599955	82867442	25	-1	-1	0	1	0	-1	-1	0	0	2	-1	0	0	1	0	1	-1	-1	0	0	0	0	-1	0	-1	0	0	0	0	0	-1	0	0	0	-1	0	0	0	0	0	0	-1	0	-1	-1	1	0	-1	0	0	1	0	0	-1	-1	1	0	-1	0	0	0	-1	0	1	0	0	0	-1	0	0	-1	0	-1	0	-1	0	0	0	0	-1	2	1	1	-1	1	0	-1	2	-1	0	0	0	0	0	0	-1	0	0	0	0
11	83733321	85064586	126	-1	-1	0	1	0	-1	-1	0	0	2	-1	0	0	1	0	1	-1	-1	0	0	-1	0	-1	0	-1	0	0	0	0	0	-1	0	0	0	-1	0	0	0	0	0	0	-1	0	-1	-1	1	0	-1	0	0	1	0	0	-1	-1	1	0	2	0	0	0	-1	0	1	0	0	0	-1	0	0	-1	0	-1	0	-1	0	0	0	0	-1	2	1	1	-1	1	0	-1	1	-1	0	0	0	0	0	0	-1	0	0	0	0
11	103179669	103605605	37	-1	0	0	1	-1	-1	-1	0	0	-1	-1	0	0	-1	0	1	-1	-1	0	0	-1	-1	-1	0	-1	0	0	0	0	0	-1	0	-1	0	-1	0	0	0	0	0	0	-1	-1	-1	-1	1	0	-1	0	0	0	0	0	-1	-1	0	0	-1	0	0	0	-1	0	1	0	0	0	-1	0	0	-1	0	-1	0	-1	0	0	0	-1	-1	2	0	1	-1	0	0	-1	-1	-1	0	0	0	0	0	0	-1	-1	0	0	0
11	103640528	105452607	140	-1	-1	0	1	-1	-1	-1	0	0	-1	-1	0	0	-1	0	1	-1	-1	0	0	-1	0	-1	0	-1	0	0	0	0	0	-1	0	-1	0	-1	0	0	0	0	0	0	-1	-1	-1	-1	1	0	-1	0	0	0	0	0	-1	-1	0	0	-1	0	0	0	-1	0	1	0	0	0	-1	0	0	-1	0	-1	0	-1	0	0	0	-1	-1	2	0	1	-1	0	0	-1	-1	-1	0	0	0	0	0	0	-1	-1	0	0	0
11	105458461	107398356	144	-1	-1	0	1	-1	-1	-1	0	0	-1	-1	0	0	-1	0	1	-1	-1	0	0	-1	0	-1	0	-1	0	0	0	0	0	-1	0	-1	0	-1	0	0	0	0	0	0	-1	-1	-1	-1	1	0	-1	0	0	0	0	0	-1	-1	0	0	-1	0	0	0	-1	0	1	0	0	0	-1	0	0	-1	0	-1	0	-1	0	0	0	-1	-1	2	0	1	-1	0	0	-1	-1	-1	0	0	0	0	0	0	-1	-1	0	0	0
11	109089452	114667900	476	-1	-1	0	-1	-1	-1	-1	0	0	-1	-1	1	0	-1	0	1	-1	-1	0	0	-1	0	-1	0	-1	0	0	0	-1	0	-1	0	-1	0	-1	0	0	0	0	0	0	-1	-1	-1	-1	1	0	-1	0	0	0	0	0	-1	-1	0	0	-1	0	0	0	-1	0	1	0	0	0	-1	0	0	-1	0	-1	0	-1	0	0	0	-1	-1	2	0	1	-1	0	0	-1	-1	-1	0	0	0	0	0	0	-1	-1	0	0	0
12	42744201	43936926	107	1	0	0	0	0	0	0	0	0	0	0	1	-1	0	0	1	1	0	0	0	-1	0	1	-1	0	1	0	0	1	1	1	0	0	1	1	1	-1	0	0	0	0	0	0	0	0	0	0	0	-1	0	0	0	0	-1	0	1	0	0	0	1	0	1	-1	0	1	0	0	0	0	1	0	0	0	0	0	0	0	0	0	-1	0	0	0	0	1	0	0	0	-1	0	-1	0	0	0	0	0	0	0	1	0
12	43945081	44919712	81	1	0	0	0	0	0	0	0	0	0	0	1	-1	0	0	1	1	0	0	0	-1	0	1	-1	0	1	0	0	1	1	1	0	0	1	1	1	-1	0	0	0	0	0	0	0	0	0	0	0	-1	0	0	0	0	-1	0	1	0	0	0	1	0	1	-1	0	1	0	0	0	1	1	0	0	0	0	0	0	0	0	0	-1	0	0	0	0	1	0	0	0	-1	0	-1	0	0	0	0	0	0	0	1	0
12	44923991	45851001	66	1	2	0	0	0	0	0	0	0	0	0	1	-1	0	0	1	1	0	0	0	-1	0	1	-1	1	1	0	0	-1	1	1	0	0	1	1	1	-1	0	0	0	0	0	0	0	0	0	0	0	-1	0	0	0	0	-1	0	1	0	0	0	1	0	1	-1	0	1	0	0	0	0	1	0	0	0	0	0	0	0	0	0	-1	0	0	0	0	1	0	0	0	-1	0	-1	0	0	0	0	0	0	0	1	0
12	45861893	47611599	184	1	2	0	0	0	0	0	0	0	0	0	1	-1	0	0	1	1	0	0	0	-1	0	1	-1	1	1	0	0	0	1	1	0	0	1	1	1	-1	0	0	0	0	0	0	0	0	0	0	0	-1	0	0	0	0	-1	0	1	0	0	0	1	0	1	-1	0	1	0	0	0	-1	1	0	0	0	0	0	0	0	0	0	-1	0	0	0	0	1	0	0	0	-1	0	-1	0	0	0	0	0	0	0	1	0
12	47616812	49288718	233	1	0	0	0	0	0	0	0	0	0	0	1	-1	0	0	1	1	0	0	0	-1	0	1	-1	0	1	0	0	0	1	1	0	0	1	1	1	-1	0	0	0	0	0	0	0	0	0	0	0	-1	0	0	0	0	-1	0	1	0	0	0	1	0	1	-1	0	1	0	0	0	-1	1	0	0	0	0	0	0	0	0	0	-1	0	0	0	0	1	0	0	0	-1	0	-1	0	0	0	0	0	0	0	1	0
12	49299695	51238169	253	1	0	0	0	0	0	0	0	0	0	0	1	-1	0	0	1	1	0	0	0	-1	0	1	0	0	1	0	0	1	1	1	0	1	1	1	1	-1	0	0	0	0	0	0	-1	0	0	0	0	-1	0	0	0	0	-1	0	1	0	0	0	0	0	1	-1	0	1	0	0	0	-1	1	0	0	0	0	0	0	0	0	0	-1	0	0	0	0	1	0	0	0	-1	0	-1	0	0	0	0	0	0	0	1	0
12	51241859	52425218	189	1	0	0	0	0	0	0	0	0	0	0	0	-1	0	0	1	1	0	0	0	-1	0	1	0	0	1	0	0	0	1	1	0	1	1	1	1	-1	0	0	0	0	0	0	-1	0	0	0	0	-1	0	0	0	0	-1	0	1	0	0	0	0	0	1	-1	0	1	0	0	0	-1	1	0	0	0	0	0	0	0	0	0	-1	0	0	0	0	1	0	0	-1	-1	0	-1	0	0	0	0	0	0	0	1	0
12	52473664	54879669	326	1	0	0	0	0	0	0	0	0	0	0	1	-1	0	0	1	1	0	0	0	-1	0	1	0	0	1	0	0	0	1	1	0	0	1	1	1	-1	0	0	0	0	0	0	-1	0	0	0	0	-1	0	0	0	0	-1	0	1	0	0	0	0	0	1	-1	0	1	0	0	0	-1	1	0	0	0	0	0	0	0	0	0	-1	0	0	0	0	1	0	0	0	-1	0	-1	0	0	0	0	0	0	0	1	0
12	54887816	57494566	305	1	0	0	0	0	0	0	0	0	0	0	1	-1	0	0	1	1	0	0	0	-1	0	1	0	0	1	0	0	0	1	1	0	0	1	1	1	-1	0	0	0	0	0	0	0	0	0	0	0	-1	0	0	0	0	-1	0	1	0	0	0	0	0	1	-1	0	1	0	0	0	0	1	0	0	0	0	0	0	0	0	0	-1	0	0	0	0	1	0	0	0	-1	0	-1	0	0	0	0	0	0	0	1	0
12	57531034	59041688	73	1	0	0	0	0	0	0	0	0	0	0	1	0	0	0	1	1	0	0	0	0	0	1	2	0	1	0	0	0	1	1	0	0	1	1	1	-1	0	0	0	0	0	0	0	0	0	0	0	-1	0	0	0	0	-1	0	1	0	0	0	1	0	1	-1	0	1	0	0	0	0	1	0	0	0	0	0	0	0	0	0	-1	0	0	0	0	1	0	0	0	-1	0	-1	0	0	0	0	0	1	0	1	0
12	59087176	60039028	38	1	-1	0	0	0	0	0	0	0	0	0	1	0	0	0	1	1	0	0	0	0	0	1	2	0	1	0	0	0	1	1	0	1	1	1	1	-1	0	0	0	0	0	0	0	0	0	0	0	-1	0	0	0	0	-1	0	1	0	1	0	1	0	1	-1	0	1	0	0	0	0	1	0	0	1	0	0	0	0	0	0	-1	0	0	0	0	1	0	0	0	-1	0	-1	0	0	0	0	0	1	0	1	0
12	60060494	62081511	166	1	2	0	0	0	0	0	0	0	0	0	1	0	0	0	1	1	0	0	0	0	0	1	1	0	1	0	0	0	1	1	0	1	1	1	1	-1	0	0	0	0	0	0	0	0	0	0	0	-1	0	0	0	0	-1	0	1	0	1	0	1	0	1	-1	0	1	0	0	0	0	1	0	0	0	0	0	0	0	0	0	-1	0	0	0	0	1	0	0	0	-1	0	-1	0	0	0	0	0	1	0	1	0
12	62137202	62802242	53	1	0	0	-1	0	0	0	0	0	0	0	0	0	0	0	1	1	0	0	0	0	0	1	2	0	1	0	0	0	1	1	0	1	1	1	1	0	0	0	0	0	0	0	0	0	0	0	0	-1	0	0	0	0	-1	0	1	0	1	0	1	0	1	-1	0	1	0	0	0	0	1	0	0	0	0	0	0	0	0	0	-1	0	0	0	0	1	0	0	0	0	0	-1	0	0	0	0	0	1	0	1	0
12	62807597	63330914	48	1	0	0	-1	0	0	0	0	0	0	0	0	0	0	0	1	1	0	0	0	0	0	1	2	0	1	0	0	0	1	1	0	1	1	1	1	0	0	0	0	0	0	0	0	0	0	0	0	-1	0	0	0	0	-1	0	1	0	1	0	1	0	1	1	0	1	0	0	0	0	1	0	0	0	0	0	0	2	0	0	-1	0	0	0	0	1	0	0	0	0	0	-1	0	0	0	0	0	1	0	1	0
12	63340667	63566937	25	1	0	0	-1	0	0	0	0	0	0	0	0	0	0	0	1	1	0	0	0	0	0	1	2	0	1	0	0	0	1	1	0	2	1	1	1	0	0	0	0	0	0	0	0	0	0	0	0	-1	0	0	0	0	-1	1	1	0	1	0	1	0	1	-1	0	1	0	0	0	0	1	0	0	0	0	0	0	2	0	0	-1	0	0	0	0	1	0	0	0	0	0	-1	0	0	0	0	0	1	0	1	0
12	63574243	64694907	104	1	2	0	-1	0	0	0	0	0	0	0	0	0	0	0	1	1	0	0	0	0	0	1	2	0	1	0	0	0	1	1	0	2	1	1	1	0	0	0	0	0	0	0	0	0	0	0	0	-1	0	0	0	0	-1	1	1	0	1	0	1	0	1	-1	0	1	0	0	0	0	1	0	0	0	0	0	0	2	0	0	-1	0	0	0	0	1	0	0	0	0	0	-1	0	0	0	0	0	1	0	1	0
12	64727853	66012212	99	1	2	0	-1	0	0	1	0	0	0	0	0	0	0	0	1	1	0	0	0	0	0	1	1	0	1	0	0	0	1	1	0	2	1	1	1	0	0	0	0	0	0	0	0	0	0	0	0	-1	0	0	0	0	-1	1	-1	0	1	0	1	0	1	-1	0	1	0	0	0	0	1	0	0	0	0	0	0	2	0	0	-1	0	0	0	0	1	0	0	0	0	0	-1	0	0	0	0	0	2	0	1	0
12	66035532	66948440	56	1	2	0	-1	0	0	1	0	0	0	0	0	0	0	0	1	1	0	0	0	0	0	1	2	0	1	0	0	0	1	1	0	2	1	2	1	0	0	0	0	0	0	0	0	0	0	0	0	-1	0	0	0	0	-1	-1	0	0	1	0	1	0	1	-1	0	1	0	0	0	0	1	0	0	0	0	0	0	0	0	0	-1	0	0	0	0	1	0	0	0	0	0	-1	0	0	0	0	0	2	0	1	0
12	66954549	67332062	40	1	0	0	-1	0	0	1	0	0	0	0	0	0	0	0	1	1	0	0	0	0	0	1	1	0	1	0	0	0	1	1	0	0	1	2	1	0	0	0	0	0	0	0	0	0	0	0	0	-1	0	0	0	0	-1	-1	0	0	1	0	1	0	1	-1	0	1	0	0	0	0	1	0	0	0	0	0	0	0	0	0	-1	0	0	0	0	1	0	0	0	0	0	-1	0	0	0	0	0	2	0	1	0
12	67337260	68268028	89	1	0	0	-1	0	0	1	0	0	0	0	0	0	0	0	1	1	0	0	0	0	0	1	1	0	1	0	0	0	1	1	0	2	1	0	1	0	0	0	0	0	0	0	0	0	0	0	0	-1	0	0	0	0	-1	0	0	0	1	0	1	0	1	-1	0	1	0	0	0	0	1	0	0	0	0	0	0	0	0	0	-1	0	0	0	0	1	0	0	0	0	0	-1	0	0	0	0	0	0	0	1	0
12	68281534	69298703	97	1	0	0	-1	0	0	1	0	0	0	0	0	0	0	0	1	1	0	0	0	0	0	1	1	0	1	0	0	0	1	1	0	1	1	0	1	0	0	0	0	0	0	0	0	0	0	0	0	-1	0	0	0	0	-1	0	0	0	1	0	1	0	1	-1	0	1	0	0	0	0	1	0	0	0	0	0	0	2	0	0	-1	0	0	0	0	0	0	0	0	0	0	-1	0	0	0	0	0	2	0	1	0
12	69315717	70369674	100	1	-1	0	-1	0	0	0	0	0	0	0	0	0	0	0	1	1	0	0	0	0	0	1	1	0	1	0	0	0	1	1	0	1	1	0	1	0	0	0	0	0	0	0	0	0	0	0	0	-1	0	0	0	0	-1	0	0	0	1	0	1	0	1	-1	0	1	0	0	0	0	1	0	0	0	0	0	0	0	0	0	-1	0	0	0	0	0	0	0	0	0	0	-1	0	0	0	0	0	2	0	1	0
12	70379430	70453985	9	1	2	0	-1	0	0	0	0	0	0	0	0	0	0	0	1	1	0	0	0	0	0	1	1	0	1	0	0	0	1	1	0	1	1	0	1	0	0	0	0	0	0	0	0	0	0	0	0	-1	0	0	0	0	-1	0	0	0	1	0	1	0	1	-1	0	1	0	0	0	0	1	0	0	0	0	0	0	0	0	0	-1	0	0	0	0	0	0	0	0	0	0	-1	0	0	0	0	0	2	0	1	0
12	70462057	70560603	10	1	2	0	-1	0	0	0	0	0	0	0	0	0	0	0	1	1	0	0	0	0	0	1	0	0	1	0	0	0	1	1	0	1	1	0	1	0	0	0	0	0	0	0	0	0	0	0	0	-1	0	0	0	0	-1	0	-1	0	1	0	1	0	1	-1	0	1	0	0	0	0	1	0	0	0	0	0	0	0	0	0	-1	0	1	0	0	0	0	0	0	0	0	-1	1	0	0	0	0	2	0	1	0
12	70574871	71644041	87	1	2	0	-1	0	0	0	0	0	0	0	0	0	0	0	1	1	0	0	0	0	0	1	0	0	1	0	0	0	1	1	0	1	1	0	1	0	0	0	0	0	0	0	0	0	0	0	0	-1	0	0	0	0	-1	0	-1	0	1	0	1	0	1	-1	0	1	0	0	0	0	1	0	0	0	0	0	0	0	0	0	-1	0	0	0	0	0	0	0	0	0	0	-1	0	0	0	0	0	2	0	1	0
12	71710336	71905426	8	1	1	0	-1	0	0	1	0	0	0	0	0	0	0	0	1	1	0	0	0	0	0	1	0	0	1	0	0	1	1	1	0	0	1	0	1	0	0	0	0	0	0	0	0	0	0	0	0	-1	0	0	0	0	-1	0	-1	0	1	0	1	0	1	-1	0	1	0	0	0	0	1	-1	0	0	0	0	0	0	0	0	-1	0	0	0	0	0	0	0	0	0	0	-1	0	0	0	0	0	2	0	1	0
12	71924238	72624978	32	1	-1	0	-1	0	0	1	0	0	0	0	0	0	0	0	1	1	0	0	0	0	0	1	1	0	1	0	0	0	1	1	0	0	1	0	1	0	0	0	0	0	0	0	0	0	0	0	0	-1	0	0	0	0	-1	0	-1	0	1	0	1	0	1	-1	0	1	0	0	0	0	1	-1	0	0	0	0	0	0	0	0	-1	0	0	0	0	0	0	0	0	0	0	-1	0	0	0	0	0	2	0	1	0
12	72645832	73204852	27	1	1	0	-1	0	0	1	0	0	0	0	0	0	0	0	1	1	0	0	0	0	0	1	1	0	1	0	0	0	1	1	0	0	1	0	1	0	0	0	0	0	0	0	0	0	0	0	0	-1	-1	0	0	0	-1	0	-1	0	1	0	1	0	1	-1	0	1	0	0	0	0	1	0	0	0	0	0	0	0	0	0	-1	0	0	0	0	0	0	0	0	0	0	-1	0	0	0	0	0	2	0	1	0
12	73217711	73482351	9	1	1	0	-1	0	0	1	0	0	0	0	0	0	0	0	1	1	0	0	0	0	0	1	1	0	1	0	0	0	1	1	0	0	1	0	1	0	0	0	0	0	0	0	0	0	0	0	0	-1	-1	0	0	0	-1	0	-1	0	1	0	1	0	1	-1	0	1	0	0	0	0	1	-1	0	0	0	0	0	0	0	0	-1	0	0	0	0	1	0	0	0	0	0	-1	0	0	0	0	0	2	0	1	0
12	73523915	74655845	77	1	0	0	-1	0	0	1	0	0	0	0	0	0	0	0	1	1	0	0	0	0	0	1	1	0	1	0	0	0	1	1	0	0	1	0	1	0	0	0	0	0	0	0	0	0	0	0	0	-1	-1	0	0	0	-1	0	-1	0	1	0	1	0	1	-1	0	1	0	0	0	0	1	-1	0	0	0	0	0	2	0	0	-1	0	0	0	0	1	0	0	0	0	0	-1	0	0	0	0	0	2	0	1	0
12	74674175	74721164	8	1	-1	0	-1	0	0	1	0	0	0	0	0	0	0	0	1	1	0	0	0	0	0	1	1	0	1	0	0	0	1	1	0	0	1	0	1	0	0	0	0	0	0	0	1	1	0	0	0	-1	-1	0	0	0	-1	0	-1	0	1	0	1	0	1	-1	0	1	0	0	0	0	1	0	0	0	0	0	-1	1	0	0	-1	0	0	0	0	1	0	0	0	0	0	-1	0	0	0	0	0	2	0	1	0
12	74728500	75387573	32	0	-1	0	0	0	0	1	0	0	0	0	0	0	0	0	1	1	-1	0	0	0	0	1	1	0	1	0	0	0	1	1	0	0	1	0	1	0	0	0	0	0	0	0	0	1	0	0	0	-1	-1	0	0	0	-1	0	-1	0	1	0	1	0	1	-1	0	1	0	0	0	0	1	-1	0	1	0	0	-1	1	0	0	-1	0	0	0	0	1	0	0	0	0	0	-1	0	0	0	0	0	2	0	1	0
12	75396411	75693696	24	0	-1	0	-1	0	0	1	0	0	0	0	0	0	0	0	1	1	-1	0	0	0	0	1	2	0	1	0	0	0	1	1	0	0	1	0	1	0	0	0	0	0	0	0	0	1	0	0	0	-1	-1	0	0	0	-1	0	-1	0	1	0	1	0	1	-1	0	1	0	0	0	1	1	-1	0	1	0	0	-1	1	0	0	-1	0	0	0	0	1	0	0	0	0	-1	-1	0	0	0	0	0	2	0	1	0
12	75706042	77012738	81	0	-1	0	-1	0	0	0	0	0	0	0	0	0	0	0	1	1	0	0	0	0	0	1	1	0	1	0	0	0	1	1	0	0	1	0	1	0	0	0	0	0	0	0	0	1	0	0	0	-1	-1	0	0	0	-1	0	0	0	1	0	1	0	1	-1	0	1	0	0	0	0	1	-1	0	0	0	0	-1	1	0	0	-1	0	0	0	0	1	0	0	0	0	-1	-1	0	0	0	0	0	2	0	1	0
12	77023447	82859962	422	0	-1	0	-1	0	0	0	0	0	0	0	0	0	0	0	1	1	0	0	0	0	0	1	-1	0	1	0	0	0	1	1	0	0	1	0	1	0	0	0	0	0	0	0	0	1	0	0	0	-1	-1	0	0	0	-1	0	-1	0	1	0	1	0	1	-1	0	1	0	0	0	0	1	-1	0	0	0	0	-1	0	0	0	-1	0	0	0	0	0	0	0	0	0	-1	-1	0	0	0	0	0	2	0	1	0
12	82881635	83804633	31	0	-1	0	0	0	0	-1	0	0	0	0	0	0	0	0	1	1	0	0	0	0	0	1	-1	0	1	0	0	0	1	1	0	0	1	0	1	0	0	0	0	0	0	0	0	1	0	0	0	-1	-1	0	0	0	-1	0	-1	0	1	0	1	0	1	-1	0	1	0	0	0	0	1	0	0	0	0	0	-1	0	0	0	-1	0	0	0	0	0	0	0	0	0	-1	-1	0	0	0	0	0	1	0	1	0
12	83810013	84520659	46	0	-1	0	0	0	0	0	0	0	0	0	0	0	0	0	1	1	0	0	0	0	0	1	-1	0	1	0	0	0	1	1	0	0	1	0	1	0	0	0	0	0	0	0	0	1	0	0	0	-1	-1	0	0	0	-1	0	-1	0	1	0	1	0	1	-1	0	1	0	0	0	0	1	0	0	0	0	0	-1	0	0	0	-1	0	0	0	-1	0	0	0	0	0	-1	-1	0	0	0	0	0	1	0	1	0
12	84542006	85443011	85	0	1	0	0	0	0	0	0	0	0	0	0	0	0	0	1	1	0	0	0	0	0	1	-1	0	1	0	0	0	1	1	0	0	1	0	1	-1	0	0	0	0	0	0	0	1	0	0	0	-1	0	0	0	0	-1	0	-1	0	1	0	1	0	1	-1	0	1	0	0	0	0	1	0	0	0	0	0	-1	0	0	0	-1	0	0	0	-1	0	0	0	0	0	-1	-1	0	0	0	0	0	1	0	1	0
12	85450052	85962613	38	0	1	0	0	0	0	0	0	0	0	0	0	0	0	0	1	1	0	0	0	0	0	1	-1	0	1	0	0	0	1	1	0	0	1	0	1	-1	0	0	0	0	0	0	0	1	0	0	0	-1	0	0	0	0	-1	0	-1	0	1	0	1	0	1	-1	0	1	0	0	0	1	1	0	0	0	0	0	-1	0	0	0	-1	0	0	0	0	0	0	0	0	0	-1	-1	0	0	0	0	0	1	0	1	0
12	85986743	87258350	61	0	1	0	0	0	0	0	0	0	0	0	-1	0	0	0	1	1	0	0	0	0	0	1	-1	0	1	0	0	0	1	1	0	0	1	0	1	-1	0	0	0	0	0	0	0	1	0	0	0	-1	0	0	0	0	-1	0	-1	0	1	0	1	0	1	-1	0	1	0	0	0	1	-1	1	0	0	0	0	-1	0	0	0	-1	0	0	0	0	0	0	0	0	0	-1	-1	0	0	0	0	0	1	0	1	0
12	87329145	88538415	71	0	2	0	0	0	0	0	0	0	0	0	0	0	0	0	1	1	0	0	0	0	0	1	-1	0	1	0	0	0	1	1	0	0	1	0	1	0	0	0	0	0	0	0	0	1	0	0	0	-1	0	0	0	0	-1	0	-1	0	1	0	-1	0	1	-1	0	1	0	0	0	0	-1	1	0	0	0	0	-1	0	0	0	-1	0	0	0	0	0	0	0	0	0	-1	-1	0	0	0	0	0	1	0	1	0
12	88551907	88910171	16	0	1	0	0	0	0	0	0	0	0	0	0	0	0	0	1	1	0	0	0	0	0	1	-1	0	1	0	0	0	1	1	0	0	1	0	1	0	0	0	0	0	0	0	0	1	0	0	0	-1	0	0	0	0	-1	0	-1	0	1	0	1	0	1	-1	0	1	0	0	0	0	-1	-1	0	0	0	0	-1	0	0	0	-1	0	0	0	0	0	0	0	0	0	-1	-1	0	0	0	0	0	1	0	1	0
12	88953160	90674492	79	0	-1	0	0	0	0	0	0	0	0	0	0	0	0	0	1	1	0	0	0	0	0	1	-1	0	1	0	0	0	1	1	0	0	1	0	1	0	0	0	0	0	0	0	0	1	0	0	0	-1	0	0	0	0	-1	0	-1	0	1	0	-1	0	1	-1	0	1	0	0	0	1	-1	-1	0	0	0	0	-1	0	0	0	-1	0	0	0	0	0	0	0	0	0	-1	-1	0	0	0	0	0	1	0	1	0
12	90696859	92322330	111	0	1	0	-1	0	0	0	0	0	0	0	0	0	0	0	1	1	0	0	0	0	0	1	1	0	1	0	0	0	1	1	0	0	1	0	1	0	0	0	0	0	0	0	0	1	0	0	0	-1	0	0	0	0	-1	0	-1	0	1	0	-1	0	1	-1	0	1	0	0	0	1	-1	-1	0	0	0	0	-1	0	0	0	-1	0	0	0	0	0	0	0	0	0	-1	-1	0	0	0	0	0	1	0	1	0
12	92329775	94134731	154	0	1	0	-1	0	0	0	0	0	0	0	0	0	0	0	1	1	0	0	0	0	0	1	-1	0	1	0	0	0	1	1	0	0	1	0	1	0	0	0	0	0	0	0	0	1	0	0	0	-1	0	0	0	0	-1	0	-1	0	1	0	-1	0	1	-1	0	1	0	0	0	1	-1	-1	0	0	0	0	-1	0	0	0	-1	0	0	0	0	0	0	0	0	0	-1	-1	0	0	0	0	0	1	0	1	0
12	94141519	97140822	217	0	1	0	-1	0	0	0	0	0	0	0	0	0	0	0	1	1	0	0	0	0	0	1	0	0	1	0	0	0	1	1	0	0	1	0	1	0	0	0	0	0	0	0	0	1	0	0	0	-1	0	0	0	0	-1	0	-1	0	1	0	-1	0	1	-1	0	1	0	0	0	1	-1	-1	0	0	0	0	-1	0	0	0	-1	0	0	0	0	0	0	0	0	0	-1	0	0	0	0	0	0	1	0	1	0
12	97156507	97840955	65	0	0	0	-1	0	0	0	0	0	0	0	0	0	0	0	1	1	0	0	0	-1	0	1	0	0	1	0	0	0	1	1	0	0	1	0	1	0	0	0	0	0	-1	0	0	1	0	0	0	-1	0	0	0	0	-1	0	-1	0	1	0	-1	0	1	-1	0	1	0	0	0	1	-1	-1	0	0	0	0	-1	0	0	0	-1	0	0	0	0	0	0	0	0	0	1	0	0	0	0	0	0	1	0	1	0
12	97852156	98629015	83	0	0	0	-1	0	0	0	0	0	0	0	0	0	0	0	1	1	0	0	0	-1	0	1	0	0	1	0	0	0	1	1	0	0	1	0	1	0	0	0	0	0	-1	0	0	1	0	0	0	-1	0	0	0	0	-1	0	-1	0	1	0	1	0	1	-1	0	1	0	0	0	1	-1	-1	0	0	0	0	-1	0	0	0	-1	0	0	-1	0	0	0	0	0	0	1	0	0	0	0	0	0	1	0	1	0
12	98643996	98870746	26	0	0	0	-1	0	0	0	0	0	0	0	0	0	0	0	1	1	0	0	0	-1	0	1	0	0	1	0	0	0	1	1	0	0	1	0	1	0	0	0	0	0	-1	0	0	1	0	0	0	-1	0	0	0	0	-1	0	-1	0	1	0	-1	0	1	-1	0	1	0	0	0	1	-1	-1	0	0	0	0	-1	0	0	0	-1	0	0	-1	0	0	0	0	0	0	1	0	0	0	0	1	0	1	0	1	0
12	100382347	103227744	260	0	0	0	-1	0	0	0	0	0	0	0	-1	0	0	0	1	1	0	0	0	-1	0	1	0	0	1	0	0	0	1	1	0	0	1	0	1	0	0	0	0	0	0	0	0	1	0	0	0	-1	0	0	0	0	-1	0	-1	0	1	0	-1	0	1	-1	0	1	0	0	0	1	-1	-1	0	0	0	0	-1	0	0	0	-1	0	0	0	0	0	0	0	0	0	1	0	0	0	0	1	0	1	0	1	0
12	106729888	108471654	165	0	0	0	-1	0	0	0	0	0	0	0	-1	0	0	0	1	1	0	0	0	-1	0	1	0	0	1	0	0	0	1	1	0	1	1	0	1	0	0	0	0	0	0	0	0	1	0	0	0	-1	0	0	0	0	-1	0	-1	0	1	0	-1	0	1	-1	0	1	0	0	0	1	-1	-1	0	0	0	0	-1	0	0	0	-1	0	0	0	-1	0	0	0	0	0	1	0	0	0	0	1	0	1	0	1	0
15	22374850	23389141	98	-1	0	-1	-1	0	0	0	0	0	0	0	0	-1	-1	0	0	1	0	0	0	0	-1	1	0	0	0	0	-1	0	1	0	-1	1	0	0	0	-1	0	-1	0	-1	-1	-1	0	0	-1	0	0	-1	0	0	0	0	0	0	-1	0	-1	1	0	0	0	-1	1	0	1	0	0	-1	0	-1	0	1	0	0	-1	-1	0	0	-1	0	0	0	0	1	-1	-1	0	0	-1	-1	0	0	1	0	0	0	0	0	0
15	23967192	26208602	206	-1	0	-1	-1	0	0	0	0	0	0	0	0	-1	-1	0	0	1	0	0	0	0	-1	0	0	0	0	0	-1	0	1	0	-1	1	0	0	0	-1	0	-1	0	-1	-1	-1	-1	-1	-1	0	0	-1	0	0	0	0	0	0	-1	0	-1	0	0	0	0	-1	1	0	1	0	0	-1	0	-1	0	0	0	0	-1	-1	0	0	-1	0	0	0	0	1	-1	-1	0	0	-1	-1	0	0	1	0	0	0	0	0	0
15	27009381	32443495	508	-1	0	-1	-1	0	0	0	0	0	0	0	0	-1	-1	0	0	0	0	0	0	0	-1	0	0	0	0	0	-1	0	1	0	-1	1	0	0	0	-1	0	-1	0	-1	-1	-1	-1	-1	-1	0	0	-1	-1	0	0	0	0	0	-1	0	-1	0	0	0	0	-1	1	0	1	0	0	-1	0	-1	0	0	0	0	-1	0	0	0	-1	0	0	0	0	0	-1	-1	0	0	-1	-1	0	0	1	0	0	0	0	0	0
15	32447707	32511475	6	-1	0	-1	-1	-1	0	0	0	0	0	0	0	-1	-1	0	0	0	0	0	0	0	-1	0	0	0	0	0	-1	0	1	0	0	1	0	0	1	-1	0	-1	0	-1	-1	-1	-1	0	-1	0	0	0	-1	0	0	0	0	0	-1	0	-1	0	0	0	0	-1	1	0	1	0	0	0	0	-1	0	1	-1	0	-1	0	0	0	-1	0	0	0	0	0	-1	-1	0	0	0	-1	0	0	1	0	0	0	0	0	0
15	32667508	32751435	5	-1	0	-1	-1	0	0	0	0	0	0	0	0	-1	-1	0	0	1	0	0	0	0	-1	0	0	0	0	0	-1	0	1	0	0	1	1	0	1	-1	0	-1	0	-1	-1	-1	-1	-1	-1	0	0	-1	-1	0	0	0	0	-1	-1	0	-1	0	0	0	0	-1	1	0	1	0	0	-1	0	-1	0	0	0	0	-1	0	0	0	-1	0	0	0	0	0	-1	-1	0	0	0	-1	0	0	1	0	0	0	0	0	0
15	39590440	39979013	54	-1	0	-1	-1	0	0	0	0	0	0	0	0	-1	-1	0	1	1	0	0	0	-1	-1	0	0	0	0	0	-1	0	1	0	-1	1	1	0	1	-1	0	-1	0	-1	-1	-1	-1	-1	-1	0	0	-1	-1	0	0	0	-1	-1	-1	0	-1	0	0	0	0	-1	1	0	0	0	0	-1	0	1	0	-1	0	0	-1	0	0	0	-1	0	0	0	0	0	-1	-1	0	0	-1	-1	0	0	1	0	0	0	0	0	0
15	39989024	40217541	31	-1	0	-1	-1	0	0	0	0	0	0	0	0	-1	-1	0	1	1	0	0	0	-1	-1	0	0	0	0	0	-1	0	1	0	-1	1	1	0	1	-1	0	-1	0	-1	-1	-1	-1	-1	-1	0	0	-1	-1	0	0	0	-1	-1	-1	0	-1	0	0	0	0	-1	1	0	0	0	0	-1	0	1	0	-1	0	0	-1	0	0	0	-1	0	0	0	0	0	-1	-1	0	0	-1	-1	0	0	1	0	0	0	0	0	0
15	41676219	44156737	294	-1	0	-1	-1	0	0	0	0	0	0	0	0	-1	-1	0	1	1	0	0	0	-1	0	0	0	0	0	0	-1	0	1	0	-1	1	1	0	1	-1	0	-1	0	0	-1	-1	-1	-1	-1	0	0	-1	-1	-1	0	0	-1	-1	-1	0	-1	0	0	0	0	-1	1	0	0	0	0	-1	0	1	0	-1	0	0	0	0	0	0	-1	0	0	0	0	0	-1	-1	0	0	-1	-1	0	0	1	0	0	0	0	0	0
15	44193179	48393597	382	1	0	-1	-1	0	0	0	0	0	0	0	0	-1	-1	0	0	1	0	0	0	-1	0	0	0	0	0	0	-1	0	1	0	-1	1	1	0	0	-1	0	-1	0	0	-1	-1	-1	-1	-1	0	0	-1	-1	-1	0	0	0	-1	-1	0	-1	0	0	0	0	-1	1	0	0	0	0	-1	0	1	0	-1	0	0	-1	0	0	0	-1	0	0	0	0	0	-1	-1	0	0	-1	-1	0	0	1	0	0	0	0	0	0
16	41636	151666	21	0	0	0	-1	0	0	0	0	0	0	1	1	0	0	1	0	0	0	1	1	0	1	1	0	1	1	0	1	0	1	1	1	1	1	0	1	0	1	0	0	1	1	1	-1	1	0	0	0	0	0	0	0	1	-1	0	0	0	1	0	1	0	0	0	1	1	0	0	0	1	1	0	1	0	0	0	0	0	0	0	0	0	0	1	0	0	0	0	0	0	1	1	1	0	1	0	0	0	0	1	0
16	191307	2499608	352	0	0	0	-1	0	0	0	0	0	0	1	1	0	0	1	0	0	0	1	1	0	1	1	0	1	1	0	1	0	1	1	1	1	1	0	1	0	1	0	0	1	1	1	-1	1	0	0	0	0	0	0	0	1	-1	0	0	0	1	0	1	0	0	0	1	1	0	0	0	1	1	0	1	0	0	0	0	0	0	0	0	0	0	1	0	0	0	0	0	0	0	1	1	0	1	0	0	0	0	1	0
16	2505009	4665784	292	0	0	0	-1	0	0	0	0	0	0	1	1	0	0	1	0	0	0	1	1	0	1	1	0	1	1	0	1	0	1	1	1	1	1	0	1	0	1	0	0	1	1	1	-1	1	0	-1	0	0	0	0	0	1	-1	0	0	0	1	0	1	0	0	0	1	1	0	0	0	1	1	0	1	0	0	0	0	0	0	0	-1	0	0	1	0	0	0	0	0	0	0	1	1	0	1	0	0	0	0	1	0
16	29586070	30555422	134	0	0	0	0	0	0	0	0	0	0	1	1	0	0	0	0	0	1	1	1	0	-1	1	0	1	1	0	1	0	1	1	1	1	1	0	1	0	1	0	0	0	0	1	0	1	0	0	0	0	0	0	0	1	0	1	0	0	1	1	1	0	1	1	1	1	0	0	0	1	1	0	1	1	0	0	0	0	0	0	-1	1	1	0	0	1	-1	0	0	0	0	0	1	0	1	0	0	0	0	1	0
16	30561643	31835555	183	0	0	0	0	0	0	0	0	0	0	1	1	0	0	0	0	1	1	1	1	0	-1	1	0	1	1	0	1	0	1	1	1	1	1	0	1	0	1	0	0	1	0	1	0	1	0	1	0	0	0	0	0	1	0	1	0	0	1	1	1	0	0	1	1	1	0	0	0	1	1	0	0	1	0	0	0	0	0	0	0	1	1	0	0	1	-1	0	0	0	0	0	1	0	1	0	0	0	0	1	0
16	67314736	68371045	124	1	0	-1	0	-1	0	-1	-1	0	-1	-1	1	0	0	0	0	0	0	-1	-1	0	-1	1	1	-1	-1	0	2	0	0	-1	-1	1	0	-1	0	0	1	0	0	-1	0	-1	0	0	0	0	1	-1	0	0	-1	-1	0	-1	0	0	-1	1	0	-1	0	-1	0	1	0	0	0	0	0	0	-1	0	-1	-1	0	0	0	-1	-1	1	0	1	0	0	-1	0	0	0	0	0	0	1	-1	0	0	-1	0	-1	0
16	68606309	68648091	5	0	0	-1	0	-1	0	-1	-1	0	-1	-1	1	1	0	0	0	-1	0	-1	-1	0	-1	0	1	-1	0	0	-1	0	0	-1	-1	1	1	-1	0	0	1	0	0	-1	0	-1	-1	0	0	0	1	-1	0	0	-1	-1	0	-1	0	0	-1	1	0	-1	-1	-1	0	1	0	0	0	0	0	0	-1	0	-1	-1	0	0	0	-1	-1	1	0	0	0	0	-1	-1	0	0	0	0	0	1	-1	-1	0	-1	0	-1	0
16	68667006	68679377	2	0	0	-1	0	-1	0	-1	-1	0	-1	-1	1	1	0	0	0	-1	0	-1	-1	0	-1	0	1	-1	0	0	-1	0	0	-1	-1	1	1	-1	0	0	1	0	0	-1	0	-1	-1	0	0	0	1	-1	0	0	-1	-1	0	-1	0	0	-1	1	0	-1	0	-1	0	1	0	0	0	0	0	0	-1	0	0	-1	0	0	0	-1	0	1	0	1	0	0	-1	-1	0	0	0	0	0	1	-1	-1	0	-1	0	-1	0
16	68710277	68751390	5	1	0	-1	0	-1	-1	-1	-1	0	-1	-1	1	1	-1	0	0	-1	-1	-1	-1	-1	-1	0	1	-1	-1	-1	-1	-1	-1	-1	-1	-1	0	-1	0	0	0	-1	0	-1	0	-1	-1	0	-1	0	1	-1	-1	0	-1	-1	0	-1	0	0	-1	1	0	-1	0	-1	0	1	0	-1	0	0	-1	-1	-1	-1	-1	-1	0	0	0	-1	0	2	0	1	0	-1	-1	-1	-1	0	-1	0	-1	1	-1	-1	0	-1	0	-1	0
16	68838368	68874167	6	1	0	-1	0	-1	0	-1	-1	0	-1	-1	1	1	0	0	0	0	0	-1	-1	0	-1	1	1	-1	-1	0	-1	0	0	-1	-1	0	0	-1	0	0	1	0	0	-1	0	-1	0	0	0	0	1	-1	0	0	-1	-1	0	-1	0	0	-1	1	0	-1	0	-1	0	1	0	0	0	0	0	0	-1	1	-1	-1	0	0	0	-1	0	1	0	1	0	0	-1	0	1	0	0	0	0	1	-1	0	0	-1	0	-1	0
16	68880321	69381055	61	1	0	-1	0	-1	0	-1	-1	0	-1	-1	1	1	0	0	0	0	0	-1	-1	0	-1	1	1	-1	-1	0	1	0	0	-1	-1	0	0	-1	0	0	1	0	0	-1	0	-1	0	0	0	0	1	-1	0	0	-1	-1	0	-1	0	0	-1	1	0	-1	0	-1	0	1	0	0	0	0	0	0	-1	0	-1	-1	0	0	0	-1	-1	1	0	1	0	0	-1	0	1	0	0	0	0	1	-1	0	0	-1	0	-1	0
16	69391442	69397102	2	1	0	-1	0	-1	0	-1	-1	0	-1	-1	1	1	0	0	0	0	0	-1	-1	0	-1	1	1	-1	-1	0	1	0	0	-1	0	0	0	-1	0	0	1	0	0	-1	0	-1	0	0	0	0	1	-1	0	0	-1	-1	0	-1	0	0	-1	1	0	-1	0	-1	0	1	0	0	0	0	0	0	-1	0	-1	-1	0	0	0	-1	-1	1	1	0	0	0	-1	0	1	0	0	0	0	1	-1	0	0	-1	0	-1	0
16	69763173	70593293	100	1	0	-1	0	-1	0	-1	-1	0	-1	-1	1	1	0	0	0	0	0	-1	-1	0	-1	1	1	-1	-1	0	1	0	0	-1	-1	0	0	-1	0	0	1	0	0	-1	0	-1	0	0	0	0	1	-1	0	0	-1	-1	0	-1	0	0	-1	1	0	-1	0	-1	0	1	0	0	0	0	0	0	-1	0	-1	-1	0	0	0	-1	-1	1	0	1	0	0	-1	0	1	0	1	0	0	1	-1	0	0	-1	0	-1	1
16	70601469	71161060	43	1	0	-1	0	-1	0	-1	-1	0	-1	-1	1	0	0	0	0	0	0	-1	-1	0	-1	1	1	-1	-1	0	-1	0	0	-1	-1	0	0	-1	0	0	1	0	0	-1	0	-1	0	0	0	0	1	-1	0	0	-1	-1	0	-1	1	0	-1	1	0	-1	0	-1	0	1	0	0	0	0	0	0	-1	0	-1	-1	0	0	0	-1	-1	1	0	1	0	0	-1	0	1	0	1	0	0	1	-1	0	0	-1	0	-1	0
16	71180297	71797476	57	1	0	-1	0	-1	0	-1	-1	0	-1	-1	1	0	0	0	0	0	0	-1	-1	0	-1	1	1	-1	-1	0	-1	0	0	-1	-1	0	0	-1	0	0	1	0	0	-1	0	-1	0	0	0	0	1	-1	0	0	-1	-1	0	-1	0	0	-1	1	0	-1	0	-1	0	1	0	0	0	0	0	0	-1	0	-1	-1	0	0	0	-1	-1	1	0	1	0	0	-1	0	0	0	-1	0	0	1	-1	0	0	-1	0	-1	0
16	71838028	72906433	74	1	0	-1	0	-1	0	-1	-1	0	-1	-1	1	0	0	0	0	0	0	-1	-1	0	-1	1	1	-1	-1	0	-1	0	0	-1	-1	0	0	-1	0	0	1	0	0	-1	0	-1	0	0	0	0	1	-1	0	0	-1	-1	0	-1	0	0	-1	1	0	-1	0	-1	0	1	0	0	0	0	0	0	-1	0	-1	-1	0	0	0	-1	-1	1	0	1	0	0	-1	0	0	0	-1	0	0	1	-1	0	0	-1	0	-1	0
16	73043507	76974056	344	1	0	-1	0	-1	0	-1	-1	0	-1	-1	1	0	0	0	0	0	0	-1	-1	0	-1	1	1	-1	-1	0	-1	0	0	-1	-1	0	0	-1	0	0	1	0	0	-1	0	-1	0	0	0	0	1	-1	0	0	-1	-1	0	-1	0	0	-1	1	0	-1	0	-1	0	1	0	0	0	0	0	0	-1	0	-1	-1	0	0	0	-1	0	1	0	1	0	0	-1	0	0	0	-1	0	0	1	-1	0	0	-1	0	-1	0
16	82128902	83298645	143	1	0	-1	0	-1	0	-1	-1	0	-1	-1	1	-1	0	0	0	0	-1	-1	-1	0	-1	1	0	-1	-1	-1	-1	0	0	-1	-1	0	0	-1	0	0	1	0	0	-1	-1	-1	1	0	0	0	1	0	0	0	-1	-1	0	-1	0	0	-1	1	0	-1	0	0	0	1	0	0	0	0	0	0	-1	0	-1	-1	0	0	0	-1	0	1	0	0	0	0	-1	0	0	0	-1	0	0	0	-1	0	0	-1	0	-1	0
16	83310258	86444508	289	1	0	-1	0	-1	0	-1	-1	0	-1	-1	1	-1	0	0	0	0	-1	-1	-1	0	-1	1	0	-1	-1	-1	-1	0	0	-1	-1	0	0	-1	0	0	1	0	0	-1	-1	-1	1	0	0	0	1	-1	0	0	-1	-1	0	-1	0	0	-1	1	0	-1	0	1	0	1	0	0	0	0	0	0	-1	0	-1	-1	0	0	0	-1	0	1	0	0	0	0	-1	0	0	0	-1	0	0	0	-1	0	0	-1	0	-1	1
16	86462708	86560114	9	1	0	-1	0	-1	0	-1	-1	0	-1	-1	1	-1	0	0	1	0	-1	-1	-1	0	-1	1	0	-1	-1	0	-1	0	0	-1	-1	0	0	-1	0	0	1	0	0	-1	-1	-1	1	0	0	0	1	-1	0	0	-1	-1	0	-1	0	0	-1	1	1	-1	0	1	0	1	0	0	0	0	0	0	-1	0	-1	-1	0	0	0	-1	0	1	0	0	0	0	-1	0	0	0	-1	0	0	1	-1	0	0	-1	0	-1	1
16	86874711	86968529	6	1	0	-1	0	-1	0	-1	-1	0	-1	-1	1	-1	0	0	1	0	-1	-1	-1	0	-1	1	0	-1	-1	-1	-1	0	0	-1	-1	0	0	-1	0	0	1	0	0	-1	-1	0	1	0	0	0	1	-1	0	0	-1	0	0	-1	0	0	-1	1	0	-1	0	1	0	1	0	0	0	0	0	0	-1	0	-1	-1	0	0	0	-1	0	1	0	0	0	0	-1	0	0	0	-1	0	0	1	-1	0	0	-1	0	-1	1
16	86985669	88124384	145	1	0	-1	0	-1	0	-1	-1	0	-1	-1	1	-1	0	0	0	0	-1	-1	-1	0	-1	0	0	-1	-1	-1	-1	0	0	-1	-1	0	0	-1	0	0	1	0	0	-1	-1	-1	1	0	0	0	1	-1	0	0	-1	-1	0	-1	0	0	-1	1	0	-1	0	1	0	1	0	0	0	0	0	0	-1	-1	-1	-1	0	0	0	-1	0	1	0	0	0	0	-1	0	0	0	-1	0	0	0	-1	0	0	-1	0	-1	1
16	88130840	88690571	90	1	0	-1	0	-1	0	-1	-1	0	-1	-1	1	-1	0	0	0	0	-1	-1	-1	0	-1	0	0	-1	-1	-1	-1	0	0	-1	-1	0	0	-1	0	0	1	0	0	-1	-1	-1	1	0	0	0	1	-1	0	0	-1	-1	0	-1	0	0	-1	1	0	-1	0	1	0	1	0	0	0	0	0	0	-1	0	-1	-1	0	0	0	-1	0	1	0	0	0	0	-1	0	1	0	-1	0	0	0	-1	0	0	-1	0	-1	1
20	194755	763411	71	0	0	0	0	0	1	0	-1	0	1	1	0	-1	-1	1	1	0	0	0	0	0	0	1	0	0	1	0	-1	0	1	1	0	-1	1	0	1	0	-1	0	0	0	-1	0	-1	0	-1	-1	1	-1	-1	1	0	0	-1	0	1	0	0	1	1	0	2	-1	1	1	0	0	-1	0	1	-1	0	1	0	0	0	1	0	0	0	1	0	1	0	0	0	-1	-1	-1	0	-1	0	0	0	0	0	0	0	1	-1
22	22725750	22731544	2	-1	0	0	1	0	-1	0	-1	0	1	-1	1	0	-1	1	1	-1	0	-1	-1	-1	0	0	0	-1	0	0	0	0	0	-1	0	-1	0	-1	0	-1	-1	0	0	0	-1	-1	0	0	-1	0	-1	-1	0	0	0	-1	1	0	0	0	0	1	0	0	0	0	1	-1	0	-1	-1	0	0	0	0	-1	0	0	-1	1	0	0	0	1	0	1	-1	0	-1	0	0	0	-1	1	0	0	-1	1	-1	0	0	-1	0
22	22742616	23009582	35	-1	0	0	1	0	-1	0	-1	0	1	-1	1	0	-1	1	1	-1	0	0	-1	-1	1	0	0	0	0	0	0	0	0	-1	0	-1	0	-1	0	-1	-1	0	0	0	-1	-1	0	0	-1	0	-1	-1	0	0	0	0	1	0	0	0	0	1	0	0	0	0	1	-1	0	-1	-1	0	0	0	0	-1	0	0	-1	0	0	0	0	1	0	1	-1	0	0	0	0	0	-1	1	0	0	-1	1	-1	0	0	-1	0
22	23022675	23926329	114	-1	0	0	1	0	-1	0	-1	0	1	-1	1	0	-1	1	1	-1	0	0	-1	-1	1	1	0	0	0	0	0	0	0	-1	0	-1	0	-1	0	-1	-1	0	0	0	-1	-1	0	0	-1	0	-1	0	0	0	0	0	1	0	0	0	0	1	0	0	0	0	1	-1	0	-1	-1	0	0	0	0	0	0	0	-1	0	0	0	0	1	0	1	-1	0	0	0	0	0	-1	1	0	1	-1	1	-1	-1	0	-1	0
22	23930054	23946476	5	-1	0	0	1	0	-1	0	-1	0	1	-1	1	0	-1	1	1	-1	0	0	-1	-1	1	1	0	0	0	0	0	0	0	-1	0	-1	0	-1	0	-1	-1	0	0	0	-1	-1	0	0	-1	0	-1	0	0	0	0	0	1	0	0	0	0	1	0	0	0	0	1	-1	0	-1	-1	0	0	0	0	0	0	0	-1	0	0	0	0	1	0	1	-1	0	0	-1	0	0	-1	1	0	1	-1	1	-1	-1	0	-1	0
22	23952881	23967594	3	-1	0	0	1	0	-1	1	-1	0	1	-1	1	0	-1	1	1	-1	0	0	-1	-1	1	1	0	0	0	0	0	0	0	-1	0	-1	0	-1	0	-1	-1	0	0	0	-1	-1	0	0	-1	0	-1	0	0	0	0	0	1	0	0	0	0	1	0	0	0	0	1	-1	0	-1	-1	0	0	0	0	0	0	0	-1	0	0	0	0	1	0	1	-1	0	0	0	0	0	-1	1	0	1	-1	1	-1	-1	0	-1	0
22	24263116	24866694	72	-1	0	0	1	0	-1	1	-1	0	1	-1	1	0	-1	1	1	-1	0	0	-1	-1	-1	1	0	0	0	0	0	0	0	-1	0	-1	0	-1	0	-1	-1	0	0	0	-1	-1	0	0	-1	0	-1	0	0	0	0	0	1	0	0	0	0	1	0	0	0	0	1	-1	0	-1	-1	0	0	0	0	0	0	0	-1	0	0	0	0	1	0	1	-1	0	1	0	0	0	-1	1	0	1	-1	1	-1	-1	0	-1	0
22	24876788	26191987	111	-1	0	0	1	0	-1	1	-1	0	1	-1	1	0	-1	1	1	-1	0	0	-1	0	-1	1	0	0	0	0	0	0	0	-1	0	-1	0	-1	0	-1	-1	0	0	0	-1	-1	1	0	-1	0	-1	0	0	0	0	0	1	0	0	0	0	1	0	0	0	0	1	-1	0	-1	-1	0	0	0	0	0	0	0	-1	0	0	0	0	1	0	1	-1	0	1	0	0	0	-1	1	0	1	-1	1	-1	-1	0	-1	0
22	26228884	26956916	63	-1	0	0	1	0	-1	1	-1	0	1	-1	1	0	-1	1	1	1	0	0	-1	0	-1	1	0	0	0	0	0	0	0	-1	0	-1	0	-1	0	-1	-1	0	0	0	-1	-1	1	0	-1	0	-1	0	0	0	0	0	1	0	0	0	0	1	0	0	0	0	1	-1	0	-1	-1	0	0	0	0	0	0	0	-1	0	0	0	0	1	0	1	-1	0	0	0	0	0	-1	1	0	1	-1	1	-1	-1	0	-1	0
22	26999547	27819338	82	-1	0	0	1	0	-1	1	-1	0	1	-1	1	0	-1	1	1	-1	0	0	-1	0	-1	0	0	0	0	0	0	0	0	-1	0	-1	0	-1	0	-1	-1	0	0	0	-1	-1	1	0	-1	0	-1	0	0	0	0	0	1	0	0	0	0	1	0	0	0	0	1	-1	0	-1	-1	0	0	0	0	0	0	0	-1	0	0	0	0	1	0	1	-1	0	0	0	0	0	-1	1	0	1	-1	1	-1	-1	0	-1	0
22	27829159	28903600	152	-1	0	0	1	0	-1	0	0	0	1	-1	1	0	-1	1	1	-1	0	0	-1	0	-1	0	0	0	0	0	0	1	0	-1	0	-1	0	-1	0	-1	-1	0	0	0	-1	-1	1	0	-1	0	-1	0	0	0	0	0	1	0	0	0	0	1	0	0	0	0	1	-1	0	-1	-1	0	0	0	0	0	0	0	-1	0	0	0	0	1	0	0	-1	1	1	0	0	0	-1	1	0	1	-1	1	-1	0	0	-1	0
22	28922568	30224848	202	-1	0	0	1	0	-1	0	0	0	1	-1	1	0	-1	1	1	-1	0	0	-1	0	-1	0	0	0	0	0	0	1	0	-1	0	-1	0	-1	0	-1	-1	0	0	0	-1	-1	1	0	-1	0	-1	0	0	0	0	0	1	0	0	0	0	1	0	0	0	0	1	-1	0	-1	-1	0	0	0	0	-1	0	0	-1	0	0	0	0	1	0	0	-1	1	2	0	0	1	-1	0	0	1	-1	1	-1	0	0	-1	0
22	30243922	31511793	163	0	0	0	1	0	-1	0	0	0	1	-1	1	0	-1	1	1	-1	0	0	-1	0	-1	0	0	0	0	0	0	1	0	-1	0	-1	0	-1	0	-1	-1	0	0	0	-1	-1	1	0	-1	0	-1	0	0	-1	0	0	1	0	0	0	0	1	0	0	0	0	1	-1	0	-1	-1	0	0	0	0	-1	0	0	-1	0	0	0	0	1	0	0	-1	1	2	0	0	1	-1	0	0	1	-1	1	-1	0	0	-1	0
22	31521603	32950474	143	0	0	0	1	0	-1	1	0	0	1	-1	1	0	-1	1	1	-1	0	0	-1	0	-1	0	0	0	0	0	0	0	0	-1	0	-1	0	-1	0	-1	-1	0	0	0	-1	-1	1	0	-1	0	-1	0	0	-1	0	0	1	0	0	0	0	1	0	0	0	0	1	-1	0	-1	-1	0	0	0	0	-1	0	0	-1	0	0	0	0	1	0	0	-1	1	1	0	0	1	-1	0	0	1	-1	1	-1	0	0	-1	0
22	32984614	33685030	27	0	0	0	0	0	-1	0	0	0	1	-1	1	0	-1	1	1	-1	0	0	-1	0	-1	1	0	0	0	0	0	0	0	-1	0	-1	0	-1	0	-1	-1	0	0	0	-1	-1	1	0	-1	0	-1	0	0	-1	0	0	0	0	0	0	0	1	0	0	0	0	1	-1	0	-1	-1	0	0	0	0	-1	0	0	-1	0	0	0	-1	1	0	1	-1	1	0	0	0	1	-1	0	0	1	-1	1	-1	0	0	-1	0
22	36658231	37678070	159	0	0	0	0	-1	-1	-1	-1	0	1	-1	1	0	-1	1	1	-1	0	0	-1	1	-1	1	0	0	0	0	0	0	0	-1	0	-1	0	-1	0	-1	0	0	0	0	-1	-1	1	0	-1	0	-1	0	0	-1	0	0	0	0	0	0	0	1	0	0	0	0	1	-1	0	-1	-1	0	0	0	0	0	0	0	-1	0	0	-1	-1	1	0	1	-1	1	0	0	0	1	-1	0	0	1	-1	0	-1	0	0	-1	0
22	37803663	38961219	155	0	0	0	1	0	-1	0	-1	0	1	-1	1	0	-1	1	1	-1	0	0	-1	1	-1	1	0	0	0	0	-1	0	0	-1	0	-1	0	-1	0	-1	0	0	0	0	-1	-1	1	0	-1	0	-1	0	0	-1	0	0	0	0	0	0	0	0	0	0	0	0	1	-1	0	-1	-1	0	0	0	0	0	0	0	-1	0	0	-1	-1	1	0	1	-1	1	1	-1	0	1	-1	0	0	1	-1	0	-1	0	0	-1	0
22	38968144	39093020	20	0	0	0	1	0	-1	0	0	0	1	-1	1	0	-1	1	1	-1	0	0	-1	1	-1	1	0	0	0	0	-1	0	0	-1	0	-1	0	-1	0	-1	0	0	0	0	-1	-1	0	0	-1	0	-1	0	0	-1	0	0	0	0	0	0	0	0	0	0	0	0	1	-1	0	-1	-1	0	0	0	0	0	0	0	-1	0	0	-1	-1	1	0	1	-1	1	0	-1	0	1	-1	0	0	1	-1	0	-1	0	0	-1	0
22	39107247	39317843	27	0	0	0	1	0	-1	1	1	0	1	-1	1	0	-1	1	1	-1	0	0	-1	1	-1	0	0	0	0	0	-1	0	0	-1	0	-1	0	-1	0	-1	0	0	0	0	-1	-1	0	0	-1	0	-1	0	0	-1	0	0	0	0	0	0	0	0	0	0	0	0	1	-1	0	-1	-1	0	0	0	0	0	0	0	-1	0	0	-1	-1	1	0	1	-1	1	0	-1	0	1	-1	0	0	1	-1	0	-1	0	0	-1	0
22	39323749	40065743	89	0	0	0	0	0	-1	1	1	0	1	-1	1	0	-1	1	1	-1	0	0	-1	1	-1	0	0	0	0	0	-1	0	0	-1	0	-1	0	-1	0	-1	0	0	0	0	-1	-1	0	0	-1	0	-1	0	0	-1	0	0	0	0	0	0	0	0	0	0	0	0	1	-1	0	-1	-1	0	0	0	0	0	0	0	-1	0	0	-1	-1	1	1	1	-1	1	0	-1	0	1	-1	0	0	1	-1	0	-1	0	0	-1	0
22	40072147	41213949	162	0	0	0	0	0	-1	-1	0	0	1	-1	1	0	-1	1	1	-1	0	0	-1	1	-1	0	0	0	0	0	-1	0	0	-1	0	-1	0	-1	0	-1	0	0	0	0	-1	-1	0	0	-1	0	-1	0	0	-1	0	0	0	0	0	0	0	1	0	0	0	-1	1	-1	0	-1	-1	0	0	0	0	-1	0	0	-1	0	0	-1	-1	1	1	1	-1	1	0	-1	0	1	-1	0	0	1	-1	0	-1	0	0	-1	0
22	41221190	41290227	11	0	0	0	0	0	-1	-1	0	0	1	-1	1	0	-1	1	1	-1	0	0	-1	1	-1	0	0	0	0	0	-1	0	0	-1	0	-1	0	-1	0	0	0	0	0	0	-1	-1	0	0	-1	0	-1	0	0	-1	0	0	0	0	0	0	0	1	0	0	1	0	1	-1	0	-1	-1	0	0	0	0	-1	0	0	-1	0	0	-1	-1	1	1	1	-1	1	0	-1	0	1	-1	0	0	1	-1	0	-1	0	0	-1	0
22	41293579	41298170	2	0	0	0	0	0	-1	-1	1	0	1	-1	1	0	-1	1	1	-1	0	0	-1	1	-1	0	0	0	0	0	-1	0	0	-1	0	-1	0	-1	0	0	0	0	0	0	-1	-1	0	0	-1	0	-1	1	0	-1	0	0	0	0	0	0	0	1	0	0	1	0	1	-1	0	-1	-1	0	0	0	0	-1	0	0	-1	0	0	-1	-1	1	1	1	-1	1	0	-1	0	1	-1	0	0	1	-1	0	-1	0	0	-1	0
22	41307174	41912419	90	0	0	0	0	-1	-1	-1	0	0	1	-1	1	0	-1	1	1	-1	0	0	-1	1	-1	0	0	0	0	0	-1	0	0	-1	0	-1	0	-1	0	-1	0	0	0	0	-1	-1	0	0	-1	0	-1	1	0	-1	0	0	0	0	-1	0	0	1	0	0	0	0	1	-1	0	-1	-1	0	0	0	0	-1	0	0	-1	0	0	-1	-1	1	1	1	-1	1	0	-1	1	1	-1	0	0	1	-1	0	-1	0	0	-1	0
22	41917843	42643973	95	0	0	0	0	0	-1	-1	1	0	1	-1	1	0	-1	1	1	-1	0	0	-1	1	-1	0	0	0	0	0	-1	0	0	-1	0	-1	0	-1	0	-1	0	0	0	0	-1	-1	0	0	-1	0	-1	0	0	-1	0	0	-1	0	-1	0	0	1	0	0	0	0	1	-1	0	-1	-1	0	0	0	0	-1	0	0	-1	0	0	-1	-1	1	1	1	-1	1	0	-1	0	1	-1	0	0	1	-1	0	-1	0	0	-1	0
